image: map_final1_cropped.pgm
resolution: 0.050000
origin: [-36.250000, -60.050000, 0.000000]
negate: 0
occupied_thresh: 0.65
free_thresh: 0.196
